

0.000000 3.000000 2.000000 9.000000 
2.000000 1.000000 1.000000 8.000000 
1.000000 1.000000 4.000000 15.000000 


Exchange Lines 0 <-> 1

2.000000 1.000000 1.000000 8.000000 
0.000000 3.000000 2.000000 9.000000 
1.000000 1.000000 4.000000 15.000000 


Multiply line 0 by 0.500000

1.000000 0.500000 0.500000 4.000000 
0.000000 3.000000 2.000000 9.000000 
1.000000 1.000000 4.000000 15.000000 


Sum lines: 2 = 1.000000 * 2 + -1.000000 * 0

1.000000 0.500000 0.500000 4.000000 
0.000000 3.000000 2.000000 9.000000 
0.000000 0.500000 3.500000 11.000000 


Multiply line 1 by 0.333333

1.000000 0.500000 0.500000 4.000000 
0.000000 1.000000 0.666667 3.000000 
0.000000 0.500000 3.500000 11.000000 


Sum lines: 2 = 1.000000 * 2 + -0.500000 * 1

1.000000 0.500000 0.500000 4.000000 
0.000000 1.000000 0.666667 3.000000 
0.000000 0.000000 3.166667 9.500000 


Multiply line 2 by 0.315789

1.000000 0.500000 0.500000 4.000000 
0.000000 1.000000 0.666667 3.000000 
0.000000 0.000000 1.000000 3.000000 


Sum lines: 1 = 1.000000 * 1 + -0.666667 * 2

1.000000 0.500000 0.500000 4.000000 
0.000000 1.000000 0.000000 1.000000 
0.000000 0.000000 1.000000 3.000000 


Sum lines: 0 = 1.000000 * 0 + -0.500000 * 2

1.000000 0.500000 0.000000 2.500000 
0.000000 1.000000 0.000000 1.000000 
0.000000 0.000000 1.000000 3.000000 


Sum lines: 0 = 1.000000 * 0 + -0.500000 * 1

1.000000 0.000000 0.000000 2.000000 
0.000000 1.000000 0.000000 1.000000 
0.000000 0.000000 1.000000 3.000000 


Done

1.000000 0.000000 0.000000 2.000000 
0.000000 1.000000 0.000000 1.000000 
0.000000 0.000000 1.000000 3.000000 


